                           Logit Regression Results                           
==============================================================================
Dep. Variable:      Y2_amaigrissement   No. Observations:                 3806
Model:                          Logit   Df Residuals:                     3780
Method:                           MLE   Df Model:                           25
Date:                Fri, 22 May 2026   Pseudo R-squ.:                  0.1270
Time:                        10:28:12   Log-Likelihood:                -1184.4
converged:                       True   LL-Null:                       -1356.7
Covariance Type:            nonrobust   LLR p-value:                 5.920e-58
========================================================================================
                           coef    std err          z      P>|z|      [0.025      0.975]
----------------------------------------------------------------------------------------
const                    1.0027      0.489      2.049      0.040       0.044       1.962
age_mere                -0.0172      0.015     -1.178      0.239      -0.046       0.011
imc_mere                -0.1057      0.017     -6.207      0.000      -0.139      -0.072
age_enfant_mois          0.0017      0.003      0.503      0.615      -0.005       0.008
rang_naissance           0.0674      0.035      1.919      0.055      -0.001       0.136
intervalle_naissance     0.0012      0.003      0.428      0.668      -0.004       0.007
region_2                -0.4251      0.263     -1.618      0.106      -0.940       0.090
region_3                -0.8964      0.567     -1.580      0.114      -2.008       0.215
region_4                 0.0986      0.232      0.425      0.671      -0.356       0.554
region_5                 0.5152      0.189      2.725      0.006       0.145       0.886
region_6                -0.9151      0.433     -2.113      0.035      -1.764      -0.066
region_7                 0.3892      0.203      1.922      0.055      -0.008       0.786
region_8                -0.4270      0.377     -1.133      0.257      -1.166       0.312
region_9                -0.3984      0.310     -1.284      0.199      -1.007       0.210
region_10               -0.6795      0.321     -2.120      0.034      -1.308      -0.051
region_11                0.3801      0.573      0.663      0.507      -0.743       1.503
region_12               -0.6574      0.407     -1.617      0.106      -1.454       0.139
milieu_residence_2      -0.0145      0.153     -0.095      0.925      -0.315       0.286
education_mere_1        -0.3963      0.141     -2.820      0.005      -0.672      -0.121
education_mere_2        -0.4925      0.182     -2.706      0.007      -0.849      -0.136
education_mere_3        -0.5758      0.525     -1.096      0.273      -1.605       0.454
index_richesse_2         0.1780      0.143      1.247      0.212      -0.102       0.458
index_richesse_3         0.0748      0.183      0.409      0.682      -0.283       0.433
index_richesse_4        -0.3998      0.255     -1.567      0.117      -0.900       0.100
index_richesse_5        -0.3728      0.364     -1.023      0.306      -1.087       0.341
sexe_enfant_2           -0.2343      0.108     -2.174      0.030      -0.446      -0.023
========================================================================================