                            Logit Regression Results                            
================================================================================
Dep. Variable:     Y1_retard_croissance   No. Observations:                 3806
Model:                            Logit   Df Residuals:                     3780
Method:                             MLE   Df Model:                           25
Date:                  Fri, 22 May 2026   Pseudo R-squ.:                 0.07920
Time:                          10:28:12   Log-Likelihood:                -2081.8
converged:                         True   LL-Null:                       -2260.8
Covariance Type:              nonrobust   LLR p-value:                 1.097e-60
========================================================================================
                           coef    std err          z      P>|z|      [0.025      0.975]
----------------------------------------------------------------------------------------
const                    0.5872      0.326      1.802      0.072      -0.052       1.226
age_mere                -0.0035      0.010     -0.354      0.723      -0.023       0.016
imc_mere                -0.0526      0.010     -5.185      0.000      -0.072      -0.033
age_enfant_mois          0.0082      0.002      3.466      0.001       0.004       0.013
rang_naissance           0.0369      0.025      1.452      0.147      -0.013       0.087
intervalle_naissance    -0.0057      0.002     -2.906      0.004      -0.009      -0.002
region_2                 0.0035      0.180      0.020      0.984      -0.349       0.356
region_3                -0.6244      0.329     -1.896      0.058      -1.270       0.021
region_4                 0.3903      0.174      2.246      0.025       0.050       0.731
region_5                 0.1239      0.155      0.800      0.424      -0.180       0.427
region_6                -0.1224      0.231     -0.530      0.596      -0.575       0.330
region_7                 0.1590      0.164      0.970      0.332      -0.162       0.480
region_8                 0.3994      0.222      1.798      0.072      -0.036       0.835
region_9                 0.4122      0.194      2.124      0.034       0.032       0.793
region_10                0.1064      0.194      0.547      0.584      -0.275       0.488
region_11                1.1178      0.334      3.347      0.001       0.463       1.772
region_12               -0.1610      0.241     -0.667      0.504      -0.634       0.312
milieu_residence_2      -0.0143      0.106     -0.135      0.893      -0.222       0.193
education_mere_1        -0.0648      0.109     -0.595      0.552      -0.278       0.149
education_mere_2        -0.3085      0.128     -2.401      0.016      -0.560      -0.057
education_mere_3        -1.0234      0.342     -2.990      0.003      -1.694      -0.353
index_richesse_2         0.1505      0.114      1.324      0.186      -0.072       0.373
index_richesse_3        -0.1937      0.134     -1.440      0.150      -0.457       0.070
index_richesse_4        -0.4908      0.168     -2.918      0.004      -0.821      -0.161
index_richesse_5        -0.9845      0.232     -4.236      0.000      -1.440      -0.529
sexe_enfant_2           -0.3438      0.076     -4.529      0.000      -0.493      -0.195
========================================================================================