                               Logit Regression Results                              
=====================================================================================
Dep. Variable:     Y3_insuffisance_ponderale   No. Observations:                 3806
Model:                                 Logit   Df Residuals:                     3780
Method:                                  MLE   Df Model:                           25
Date:                       Fri, 22 May 2026   Pseudo R-squ.:                  0.1078
Time:                               10:28:13   Log-Likelihood:                -578.11
converged:                             False   LL-Null:                       -647.94
Covariance Type:                   nonrobust   LLR p-value:                 6.609e-18
========================================================================================
                           coef    std err          z      P>|z|      [0.025      0.975]
----------------------------------------------------------------------------------------
const                    0.0500      0.726      0.069      0.945      -1.372       1.472
age_mere                 0.0054      0.023      0.240      0.810      -0.039       0.050
imc_mere                -0.0631      0.025     -2.530      0.011      -0.112      -0.014
age_enfant_mois         -0.0104      0.005     -1.969      0.049      -0.021   -4.72e-05
rang_naissance           0.0163      0.054      0.299      0.765      -0.090       0.123
intervalle_naissance     0.0005      0.004      0.104      0.917      -0.008       0.009
region_2                -1.0521      0.386     -2.728      0.006      -1.808      -0.296
region_3                -1.7358      0.657     -2.642      0.008      -3.023      -0.448
region_4                -0.8986      0.362     -2.479      0.013      -1.609      -0.188
region_5                -0.1761      0.250     -0.704      0.481      -0.666       0.314
region_6                -2.0708      0.756     -2.739      0.006      -3.553      -0.589
region_7                -0.4571      0.281     -1.626      0.104      -1.008       0.094
region_8                -1.1192      0.564     -1.983      0.047      -2.225      -0.013
region_9                -2.3975      0.754     -3.181      0.001      -3.875      -0.920
region_10               -2.0869      0.630     -3.312      0.001      -3.322      -0.852
region_11               -7.6286     20.785     -0.367      0.714     -48.367      33.109
region_12               -1.6909      0.538     -3.140      0.002      -2.746      -0.636
milieu_residence_2      -0.4995      0.243     -2.054      0.040      -0.976      -0.023
education_mere_1        -0.4838      0.222     -2.175      0.030      -0.920      -0.048
education_mere_2        -0.3889      0.287     -1.357      0.175      -0.951       0.173
education_mere_3        -0.3129      0.635     -0.493      0.622      -1.557       0.932
index_richesse_2        -0.2445      0.233     -1.051      0.293      -0.700       0.211
index_richesse_3        -0.2393      0.297     -0.805      0.421      -0.822       0.344
index_richesse_4        -0.2835      0.375     -0.757      0.449      -1.018       0.451
index_richesse_5        -0.0210      0.489     -0.043      0.966      -0.979       0.938
sexe_enfant_2           -0.3957      0.171     -2.311      0.021      -0.731      -0.060
========================================================================================